a:149.0	0.439149134023,149.0	0.684644891317,149.0	0.785772404975,149.0	0.780309194467,149.0	0.790073230269,
c:149.0	0.72184121818,149.0	0.819597814716,149.0	0.837731024061,149.0	0.829129373474,149.0	0.826107171917,
b:149.0	0.447285830524,149.0	0.557479948855,149.0	0.595373706846,149.0	0.632570033709,149.0	0.637684528653,
d:149.0	0.693014064861,149.0	0.747297454376,149.0	0.765314425201,149.0	0.794722771126,149.0	0.794955248169,
d:149.0	0.583284900616,
