a:378.0	93.9840046775,756.0	94.8485038318,1134.0	95.0531437282,1512.0	95.1659044875,1890.0	95.2264611915,
b:378.0	92.2466537201,756.0	93.2740295266,1134.0	93.7543068346,1512.0	93.9568585688,1890.0	94.059178517,
c:378.0	94.6188059888,756.0	94.8819144271,1134.0	95.101171459,1512.0	95.1659044875,1890.0	95.2577836246,
