a:149.0	0.586423340695,149.0	0.751017087063,149.0	0.773451121702,149.0	0.776357084738,149.0	0.802510752063,
c:149.0	0.726374520516,149.0	0.790770661397,149.0	0.82552597931,149.0	0.846216436127,149.0	0.845751482041,
b:149.0	0.465070324305,149.0	0.574799488551,149.0	0.624433337208,149.0	0.653028013484,149.0	0.67685691038,
d:149.0	0.605253981169,149.0	0.68813204696,149.0	0.751249564106,149.0	0.757758921307,149.0	0.771940020923,
