a:378.0	0.941364405187,378.0	0.950552318904,378.0	0.949132368602,378.0	0.951638163253,378.0	0.952452546514,
c:378.0	0.952974587066,378.0	0.955605671449,378.0	0.956044185512,378.0	0.956566226064,378.0	0.956775042285,
b:378.0	0.926454927019,378.0	0.934473469899,378.0	0.938524504584,378.0	0.9410929441,378.0	0.943786673349,
d:378.0	0.94499780743,378.0	0.950468792416,378.0	0.950552318904,
