a:149.0	0.551784261304,
c:149.0	0.719167732186,
a:149.0	0.832384052075,
c:149.0	0.847495059863,
b:149.0	0.68243635941,
a:378.0	0.953058113554,
c:378.0	0.952891060578,
b:378.0	0.94370314686,
